3 9
3 6
3 5
4 5
4 4
5 4
6 4
6 5
7 5
7 6
7 7
7 6
7 5
7 4
8 4
9 4
10 4
11 4
12 4
13 4
14 4
15 4
16 4
16 5
17 5
17 6
18 6
18 7
19 7
19 8
19 9
20 9
21 9
21 10
21 11
20 11
20 12
19 12
19 13
18 13
18 14
18 15
19 15
19 16
19 17
20 17
20 18
21 18
21 19
21 20
20 20
20 21
19 21
18 21
18 20
17 20
17 21
17 22
16 22
15 22
14 22
13 22
12 22
12 21
11 21
11 20
10 20
9 20
9 19
8 19
8 18
7 18
6 18
5 18
5 17
5 16
6 16
7 16
8 16
8 15
9 15
9 14
10 14
10 13
11 13
11 12
12 12
11 12
11 11
10 11
9 11
8 11
7 11
6 11
5 11
4 11
3 11
3 10
3 9
3 31
3 28
4 28
4 27
5 27
5 26
6 26
6 25
7 25
8 25
9 25
10 25
10 26
11 26
11 27
12 27
12 28
12 29
12 30
12 31
12 32
12 33
12 34
12 35
11 35
11 36
10 36
10 37
9 37
8 37
7 37
6 37
6 36
5 36
5 35
4 35
4 34
3 34
3 33
2 33
2 32
2 31
2 30
12 24
14 23
14 24
15 24
15 25
15 24
16 24
16 23
17 23
18 23
19 23
20 23
20 24
21 24
21 25
21 26
20 26
19 26
19 27
19 28
18 28
17 28
18 28
18 29
19 29
19 30
19 31
19 32
19 33
18 33
18 34
17 34
17 35
16 35
16 36
16 37
15 37
15 38
14 38
14 39
13 39
12 39
12 38
12 37
12 36
12 35
12 34
12 33
12 32
12 31
12 30
12 29
12 28
12 27
12 26
12 25
12 24
