** Below is the mirror framed input image. ***
*** Enter PrettyPrint() ***
48 48 1 63
 1  1  1  2  3  4  5  1  2  3  4  5  1  2  3  4  5  1  2  3  4  5  1  2  3  4  5  1  2  3  4  5  1  2  3  4  5  1  2  3  4  5  1  2  3  4  5  5 
 1  1  1  2  3  4  5  1  2  3  4  5  1  2  3  4  5  1  2  3  4  5  1  2  3  4  5  1  2  3  4  5  1  2  3  4  5  1  2  3  4  5  1  2  3  4  5  5 
 2  2  1  2  3  4  55  1  2  3  4  5  1  2  3  4  5  1  2  3  4  5  1  2  3  4  5  1  2  43  4  5  1  2  3  4  5  1  2  3  4  5  1  2  3  4  5  5 
 3  3  1  2  3  44  5  1  42  3  4  45  51  2  3  4  5  1  2  3  4  5  1  2  58  4  5  1  2  53  4  5  1  2  3  4  45  11  2  43  4  5  41  2  3  4  5  5 
 4  4  1  2  3  4  5  1  2  3  4  5  51  2  3  4  5  1  2  3  4  5  1  2  58  4  5  1  2  63  4  5  1  2  3  4  5  1  2  3  4  5  1  2  3  4  5  5 
 5  5  1  62  3  4  5  1  2  43  4  5  1  2  3  4  5  1  2  3  4  5  1  2  5  4  5  1  2  53  4  35  1  2  3  4  5  41  2  3  4  5  1  2  3  4  5  5 
 6  6  1  2  3  4  5  1  2  3  4  5  1  2  3  4  5  1  2  3  4  5  1  2  41  4  5  1  2  3  4  5  1  2  3  4  5  51  2  3  4  55  51  2  3  4  5  5 
 7  7  1  2  3  4  5  1  2  3  44  5  1  2  3  4  5  8  2  3  4  5  1  2  38  4  5  1  12  3  44  5  1  2  3  4  5  1  2  61  4  5  1  2  3  4  5  5 
 8  8  1  2  3  4  5  1  2  53  4  5  1  2  3  4  5  1  2  3  4  5  1  42  53  44  5  1  2  3  4  4  1  2  3  4  55  1  2  3  4  5  1  2  3  4  5  5 
 9  9  1  2  3  4  5  1  2  3  4  5  1  2  3  4  5  1  2  3  4  5  1  48  38  48  5  1  2  3  44  5  1  2  3  4  5  1  2  3  4  5  1  2  3  4  5  5 
 10  10  11  2  43  4  5  1  2  3  4  5  1  2  3  4  5  1  2  3  4  5  48  4  48  48  48  1  2  43  4  5  1  2  3  4  5  1  2  3  4  5  1  2  3  4  5  5 
 1  1  1  2  3  4  5  11  2  3  4  5  1  2  3  4  5  1  2  3  4  48  33  41  4  41  48  48  2  3  44  5  1  2  3  4  5  1  2  3  4  5  1  2  3  4  5  5 
 2  2  1  2  3  4  4  1  2  3  4  5  1  2  3  4  5  1  2  3  48  48  48  4  8  48  48  48  48  3  4  5  19  2  3  4  5  1  2  3  14  5  1  2  3  4  5  5 
 3  3  1  2  3  4  5  5  2  3  4  5  1  2  3  4  5  1  2  4  38  44  8  8  34  41  4  38  37  38  41  35  1  2  3  4  5  1  2  3  44  5  1  2  3  4  5  5 
 4  4  41  32  33  34  37  38  39  31  30  32  34  35  34  35  38  40  48  60  63  60  48  41  38  35  34  32  31  30  28  25  28  24  22  20  18  8  6  13  4  5  1  2  3  14  5  5 
 5  5  1  21  3  4  5  1  2  3  4  5  1  2  3  4  5  1  48  48  48  48  10  48  48  48  34  48  48  48  48  5  1  2  3  4  5  1  2  3  4  5  1  32  3  4  5  5 
 6  6  1  2  3  4  5  1  2  3  4  5  1  2  3  4  5  48  48  48  48  48  48  48  48  48  48  48  48  4  48  48  1  2  3  4  5  1  2  3  4  55  1  2  3  4  5  5 
 7  7  1  2  3  14  5  1  2  3  4  5  1  2  3  4  48  48  48  41  42  43  41  42  43  4  48  48  46  48  48  48  48  2  3  4  51  1  2  3  4  5  1  2  3  4  5  5 
 8  8  1  2  3  4  5  1  2  3  4  5  1  2  3  48  41  48  44  48  8  45  48  4  48  48  48  48  48  48  48  4  4  48  3  4  5  1  2  3  4  5  1  2  3  4  5  5 
 9  9  1  2  3  4  15  1  12  3  4  5  1  2  48  48  48  48  60  48  48  48  48  48  61  62  48  48  48  48  8  7  48  48  48  4  5  1  2  3  4  5  1  2  13  4  5  5 
 10  10  1  2  3  4  5  1  2  3  4  5  1  48  48  48  5  48  48  48  3  48  48  48  48  48  6  48  48  47  48  8  48  48  48  48  5  1  12  3  4  5  1  2  3  4  5  5 
 1  1  1  52  3  4  5  1  12  3  4  5  48  48  58  48  48  48  48  48  48  28  38  48  48  48  48  48  48  8  48  48  28  28  38  28  18  1  2  3  4  5  11  2  3  4  5  5 
 2  2  1  2  3  4  5  1  2  3  4  48  48  58  48  48  48  40  48  47  48  48  48  41  48  42  48  52  48  4  38  5  48  48  48  38  38  28  18  3  4  5  1  2  3  14  5  5 
 3  3  61  22  23  24  27  38  29  31  30  32  34  35  34  35  38  40  48  60  63  60  48  41  38  45  34  39  31  30  28  25  28  24  22  20  18  18  16  13  4  5  1  2  3  4  5  5 
 4  4  1  2  3  4  5  1  2  48  48  48  48  48  48  4  48  48  48  48  58  58  58  38  38  58  48  58  58  28  24  44  48  48  48  38  38  43  28  18  4  5  1  2  3  4  5  5 
 5  5  1  2  48  41  48  42  48  43  8  48  60  48  48  48  48  41  42  48  43  48  46  48  45  48  40  48  4  3  48  30  48  48  48  8  48  48  38  38  4  2  8  8  8  4  5  5 
 6  6  1  2  3  4  5  1  2  48  48  48  48  48  48  8  48  48  63  48  63  4  48  48  48  4  48  48  48  8  4  48  48  48  48  48  18  48  48  48  4  5  1  2  3  4  5  5 
 7  7  1  2  3  4  5  1  2  3  48  48  8  48  48  42  48  48  18  48  48  48  48  63  48  48  48  48  48  48  8  8  48  48  48  5  48  48  48  3  4  5  1  2  3  4  5  5 
 8  8  1  2  3  4  5  13  2  3  4  48  48  62  48  55  48  48  48  4  37  8  48  48  48  54  48  58  48  48  4  42  8  48  48  48  48  48  2  3  4  5  11  2  3  4  5  5 
 9  9  1  2  3  4  5  1  2  3  4  5  48  48  48  48  48  48  8  28  38  48  48  4  48  48  48  1  48  48  6  4  38  4  48  48  48  1  2  3  4  5  1  2  3  4  5  5 
 10  10  1  2  3  4  5  1  2  3  4  5  1  48  48  48  48  3  48  48  48  48  48  48  18  48  48  48  48  48  48  48  8  4  48  48  5  1  2  3  4  5  1  12  3  4  5  5 
 1  1  21  42  53  24  27  28  29  31  30  32  34  35  34  35  38  40  48  60  63  60  48  41  38  35  34  32  31  30  28  25  28  24  32  20  18  8  6  3  4  5  1  2  3  14  5  5 
 2  2  1  2  3  4  5  1  2  3  4  5  1  2  48  48  48  48  48  18  48  48  48  48  48  48  48  48  48  8  48  48  8  4  48  4  5  1  2  3  14  15  1  2  3  4  5  5 
 3  3  11  2  3  4  5  1  2  3  4  5  1  2  3  48  48  48  48  48  48  48  48  48  48  48  48  48  48  48  48  48  8  4  3  4  5  1  2  3  4  5  1  2  3  4  5  5 
 4  4  1  2  3  4  15  1  2  3  4  5  1  2  3  4  48  48  41  42  43  48  40  48  42  48  43  48  44  48  28  48  48  2  3  4  5  1  2  3  4  55  1  2  3  4  5  5 
 5  5  1  2  3  42  55  1  42  3  4  5  1  2  3  4  5  34  44  41  34  24  34  34  41  34  34  42  34  34  24  4  1  2  3  4  5  1  2  3  4  5  1  2  3  4  5  5 
 6  6  1  2  3  4  5  1  2  3  4  5  1  2  3  4  5  1  48  48  58  4  1  28  41  1  48  2  4  8  48  5  1  2  3  4  5  1  2  3  4  5  1  2  3  4  5  5 
 7  7  1  2  3  4  5  1  2  3  4  5  13  2  3  4  5  1  2  48  48  8  48  34  35  41  48  48  8  48  4  5  1  2  3  4  5  1  2  3  4  5  1  2  3  4  5  5 
 8  8  1  2  3  4  51  1  2  3  4  5  1  2  3  4  5  1  2  3  48  38  48  38  8  1  48  38  48  3  4  5  1  2  3  4  5  1  2  3  4  5  1  2  3  4  5  5 
 9  9  1  2  3  4  5  1  12  3  4  5  1  2  3  4  5  1  2  3  4  48  48  48  48  48  48  48  2  3  4  5  1  2  3  4  5  1  2  3  4  5  1  2  3  4  5  5 
 10  10  1  2  3  4  5  1  2  3  4  5  1  2  3  4  5  1  2  3  4  5  48  48  18  48  48  1  2  3  4  5  1  2  3  4  5  1  2  3  4  5  1  2  3  4  5  5 
 1  1  1  2  3  44  5  1  2  3  4  5  1  12  3  4  5  1  2  3  4  5  1  48  48  48  5  1  2  3  4  5  1  2  3  4  55  1  2  3  4  55  1  2  3  4  5  5 
 2  2  1  2  3  48  5  1  2  3  4  55  51  12  3  4  5  1  2  3  4  5  1  42  48  4  5  1  2  3  4  5  1  2  3  4  5  1  2  3  4  5  1  2  3  4  5  5 
 3  3  1  2  3  4  45  51  2  3  4  5  1  2  3  4  5  1  2  3  4  5  1  2  48  4  5  1  2  3  4  5  1  2  3  63  5  1  2  3  4  5  1  2  3  4  5  5 
 4  4  1  2  3  4  5  1  2  3  4  5  1  2  3  14  5  1  2  3  4  5  1  2  48  4  5  1  2  3  4  5  1  2  59  5  5  1  2  43  4  5  1  2  33  4  5  5 
 5  5  1  2  3  4  5  11  2  3  44  5  1  2  3  4  5  1  2  3  4  5  1  2  48  4  5  1  2  3  4  5  1  2  3  4  5  1  2  3  4  5  1  2  3  4  5  5 
 6  6  1  2  3  4  5  1  2  3  4  5  1  2  3  4  5  1  2  3  4  5  1  2  3  4  5  1  2  3  4  5  1  2  3  4  5  1  2  3  4  5  1  2  3  4  5  5 
 6  6  1  2  3  4  5  1  2  3  4  5  1  2  3  4  5  1  2  3  4  5  1  2  3  4  5  1  2  3  4  5  1  2  3  4  5  1  2  3  4  5  1  2  3  4  5  5 
*** Leaving PrettyPrint() ***

** Below is the mask for Gaussian filter. ***
*** Enter PrettyPrint() ***
3 3 1 63
 1  4  1 
 2  1  2 
 4  2  1 
*** Leaving PrettyPrint() ***

** Below is the 3x3 Gaussian filter of the input image. ***
*** Enter PrettyPrint() ***
48 48 1 63
 0  0  0  0  0  0  0  0  0  0  0  0  0  0  0  0  0  0  0  0  0  0  0  0  0  0  0  0  0  0  0  0  0  0  0  0  0  0  0  0  0  0  0  0  0  0  0  0 
 0  1  1  1  2  6  9  13  1  2  3  3  2  1  2  3  3  2  1  2  3  3  2  1  2  3  3  2  4  7  12  3  2  1  2  3  3  2  1  2  3  3  2  1  2  3  4  0 
 0  1  1  1  5  13  15  10  6  11  6  10  17  12  2  3  3  2  1  2  3  3  2  4  8  16  3  2  9  10  19  3  2  1  2  6  8  12  6  7  12  5  7  10  2  3  4  0 
 0  2  2  1  7  8  19  10  4  7  8  14  15  18  2  3  3  2  1  2  3  3  2  11  12  22  3  2  12  21  24  3  2  1  2  8  7  7  7  5  8  8  5  6  2  3  4  0 
 0  3  5  8  18  12  5  5  12  9  14  20  18  10  2  3  3  2  1  2  3  3  2  11  18  13  3  2  14  22  26  7  9  1  2  6  15  11  13  11  6  5  11  4  2  3  4  0 
 0  4  9  5  9  3  3  2  6  5  8  6  13  4  2  3  3  2  1  2  3  3  2  7  19  15  3  2  10  18  16  5  6  1  2  3  10  10  17  2  6  12  19  12  2  3  4  0 
 0  4  6  15  6  3  3  2  4  13  10  12  2  1  2  3  4  3  3  2  3  3  2  8  9  15  3  3  5  18  12  19  4  1  2  3  11  14  12  9  22  12  11  7  2  3  4  0 
 0  5  3  1  2  3  3  2  4  12  17  8  2  1  2  3  4  3  2  2  3  3  5  15  29  25  12  3  2  8  6  8  2  1  2  6  12  25  11  6  13  17  16  4  2  3  4  0 
 0  6  4  1  2  3  3  2  7  7  18  5  2  1  2  3  4  4  2  2  3  3  9  18  38  26  17  3  4  7  17  14  2  1  2  9  6  8  5  15  7  3  2  1  2  3  4  0 
 0  7  5  6  7  12  3  2  4  13  6  3  2  1  2  3  3  2  1  2  3  6  15  33  38  39  25  12  4  11  14  7  2  1  2  6  14  5  1  2  3  3  2  1  2  3  4  0 
 0  5  3  7  5  8  4  3  4  2  3  3  2  1  2  3  3  2  1  2  6  15  23  35  34  34  29  22  16  9  21  14  2  1  2  3  3  2  1  2  3  3  2  1  2  3  4  0 
 0  4  4  4  11  6  4  3  2  2  3  3  2  1  2  3  3  2  1  5  15  29  39  24  27  33  44  29  24  26  8  9  4  5  2  3  3  2  1  3  4  5  2  1  2  3  4  0 
 0  1  1  1  2  3  4  5  3  2  3  3  2  1  2  3  3  2  1  9  19  39  31  22  19  33  40  33  26  23  26  19  10  3  2  3  3  2  1  6  8  13  2  1  2  3  4  0 
 0  4  8  15  14  15  16  16  16  15  14  14  14  14  15  16  16  17  18  28  44  46  40  26  27  34  38  35  36  26  22  19  18  12  10  10  9  6  4  9  10  8  2  1  3  4  6  0 
 0  7  9  13  15  12  13  13  11  11  11  11  11  10  11  12  13  16  22  37  46  44  33  26  39  39  31  35  39  39  37  29  10  8  8  8  7  5  3  6  13  5  4  5  10  4  5  0 
 0  6  15  13  14  13  14  14  13  12  12  13  13  12  13  14  17  28  43  51  52  47  46  41  44  42  42  41  39  37  26  30  20  9  9  9  7  5  3  5  7  9  17  3  6  6  5  0 
 0  4  4  6  4  4  5  2  1  2  3  3  2  1  2  6  16  30  45  46  45  43  37  43  43  41  35  47  42  45  40  30  22  12  2  6  8  13  1  2  9  6  10  8  4  3  4  0 
 0  5  3  1  3  4  4  2  1  2  3  3  2  1  5  15  30  43  46  43  41  37  43  41  32  45  43  47  45  38  43  38  15  12  13  8  6  7  1  2  6  14  5  1  2  3  4  0 
 0  6  4  1  3  6  5  5  2  5  3  3  2  4  15  29  45  47  48  43  43  41  40  44  41  42  48  47  47  45  36  27  29  25  23  16  13  5  1  2  3  3  2  2  3  6  4  0 
 0  7  4  1  2  4  4  5  2  3  3  3  5  14  30  42  41  39  47  44  33  35  45  39  47  47  44  38  47  43  36  24  22  43  30  23  13  3  2  5  3  3  2  2  3  4  4  0 
 0  4  5  7  13  4  5  4  5  5  3  6  15  30  46  45  45  43  50  43  44  40  42  46  51  47  46  43  45  41  23  33  37  40  38  24  15  6  2  3  3  4  3  4  5  4  4  0 
 0  3  7  4  8  3  3  3  2  3  6  16  30  47  50  46  38  44  46  45  35  43  44  46  46  45  37  46  41  40  28  29  32  43  42  38  22  16  11  6  3  4  3  2  3  4  6  0 
 0  5  12  29  13  11  12  13  16  13  19  24  40  43  46  43  42  44  45  50  51  47  46  45  43  44  45  43  36  28  28  35  29  33  32  29  22  16  11  8  6  4  5  2  3  4  5  0 
 0  9  7  11  8  9  11  10  13  17  31  41  44  46  42  39  34  44  47  50  53  54  50  45  42  42  48  46  44  31  27  26  38  41  39  35  32  28  23  13  8  3  2  1  3  6  5  0 
 0  6  17  13  16  27  27  30  32  34  36  34  44  46  38  41  39  44  46  51  53  53  48  44  44  44  45  41  34  24  26  35  36  40  36  32  27  33  30  21  13  3  3  4  4  4  4  0 
 0  4  2  6  9  15  14  14  18  30  45  44  48  49  43  33  35  47  48  51  49  49  40  45  43  43  38  45  40  28  20  35  45  48  43  41  37  37  39  28  18  4  3  3  3  4  4  0 
 0  4  3  4  14  16  17  16  21  24  28  44  46  39  43  45  41  46  43  44  42  46  43  49  45  44  41  45  31  26  30  25  38  48  43  31  34  44  42  30  10  3  4  3  4  4  4  0 
 0  5  3  1  2  3  4  4  7  20  28  33  46  45  48  39  46  45  47  40  35  32  38  48  47  38  47  49  48  29  24  26  37  39  43  43  36  43  35  20  6  4  3  4  2  3  4  0 
 0  6  4  1  2  3  5  3  3  5  20  26  31  46  50  47  48  44  30  31  32  42  41  46  39  48  47  43  38  38  26  12  29  36  35  38  43  35  19  5  3  4  3  2  2  3  4  0 
 0  7  4  1  2  3  4  5  2  2  6  21  29  40  49  49  45  38  31  30  38  37  40  43  40  42  43  47  43  40  30  31  21  28  33  45  35  20  4  2  3  4  5  3  5  3  4  0 
 0  5  7  13  18  18  12  12  12  13  14  16  32  37  42  42  38  40  31  42  49  52  47  33  40  40  40  31  38  38  28  22  25  22  32  34  26  9  3  3  3  3  3  2  4  4  6  0 
 0  6  7  11  12  12  10  9  9  10  11  11  13  26  34  44  42  36  44  47  44  50  48  44  38  42  44  43  41  38  33  37  23  16  26  31  9  5  2  3  5  7  5  4  4  4  5  0 
 0  3  9  16  17  12  11  11  10  12  12  13  13  17  23  33  44  45  44  49  49  51  48  45  44  43  43  42  37  39  36  34  26  17  14  14  7  5  3  4  5  5  3  1  3  6  5  0 
 0  3  2  2  2  4  4  5  1  2  3  3  2  4  20  28  38  47  45  38  44  46  47  45  47  46  47  46  45  37  43  36  27  16  13  6  3  2  1  3  9  12  14  1  2  3  4  0 
 0  3  4  2  4  11  18  17  6  11  3  3  2  1  5  20  27  35  43  43  42  40  39  41  43  42  42  42  44  39  38  30  14  7  2  3  3  2  1  2  9  6  8  1  2  3  4  0 
 0  4  2  1  7  12  12  13  4  7  3  3  2  1  2  6  19  26  33  44  41  37  25  31  35  37  30  36  26  27  24  29  15  4  2  3  3  2  1  2  6  14  5  1  2  3  4  0 
 0  4  3  1  4  15  16  7  10  5  3  4  4  4  2  3  5  17  25  36  36  30  23  34  32  36  31  35  27  24  22  9  2  1  2  3  3  2  1  2  3  3  2  1  2  3  4  0 
 0  5  3  1  2  6  8  13  1  2  3  5  3  3  2  3  3  5  19  28  32  32  25  35  30  21  31  29  26  19  18  6  2  1  2  3  3  2  1  2  3  3  2  1  2  3  4  0 
 0  6  4  1  2  8  6  8  2  5  3  4  5  2  2  3  3  2  4  20  24  28  42  39  35  38  41  42  25  18  6  3  2  1  2  3  3  2  1  2  3  3  2  1  2  3  4  0 
 0  7  4  1  2  6  13  6  2  3  3  3  2  1  2  3  3  2  1  5  20  26  37  41  32  28  42  32  19  5  3  3  2  1  2  3  3  2  1  2  3  3  2  1  2  3  4  0 
 0  4  2  1  5  8  12  3  4  3  3  3  3  2  5  3  3  2  1  2  6  21  28  34  46  42  35  20  4  2  3  3  2  1  2  6  9  13  1  2  6  9  13  1  2  3  4  0 
 0  3  1  1  9  10  17  2  1  2  6  12  21  14  6  3  3  2  1  2  3  6  23  30  37  34  20  5  1  2  3  3  2  1  2  9  6  8  1  2  9  6  8  1  2  3  4  0 
 0  1  1  1  9  17  18  17  12  2  9  12  12  10  4  3  3  2  1  2  3  3  9  24  29  31  6  2  1  2  3  3  2  1  6  13  27  5  1  2  6  14  5  1  2  3  4  0 
 0  2  2  1  5  18  13  10  7  2  6  17  17  6  3  4  5  2  1  2  3  3  5  20  22  21  3  2  1  2  3  3  2  4  15  19  10  2  4  7  12  3  2  3  6  10  4  0 
 0  3  2  1  2  6  15  17  6  5  8  12  2  1  3  4  4  2  1  2  3  3  2  11  20  21  3  2  1  2  3  3  2  8  9  23  7  2  6  5  8  3  2  5  4  7  4  0 
 0  4  2  1  2  3  4  3  2  7  6  8  2  1  3  6  4  2  1  2  3  3  2  9  15  11  3  2  1  2  3  3  2  4  15  7  3  2  4  11  6  3  2  3  9  5  4  0 
 0  4  3  1  2  3  4  5  2  5  12  5  2  1  2  3  3  2  1  2  3  3  2  4  12  6  3  2  1  2  3  3  2  1  2  3  3  2  1  2  3  3  2  1  2  3  4  0 
 0  0  0  0  0  0  0  0  0  0  0  0  0  0  0  0  0  0  0  0  0  0  0  0  0  0  0  0  0  0  0  0  0  0  0  0  0  0  0  0  0  0  0  0  0  0  0  0 
*** Leaving PrettyPrint() ***

** Below is the result of the binary threshold of Gaussian filtered image. ***
*** Enter PrettyPrint() ***
48 48 1 63
 0  0  0  0  0  0  0  0  0  0  0  0  0  0  0  0  0  0  0  0  0  0  0  0  0  0  0  0  0  0  0  0  0  0  0  0  0  0  0  0  0  0  0  0  0  0  0  0 
 0  0  0  0  0  0  0  0  0  0  0  0  0  0  0  0  0  0  0  0  0  0  0  0  0  0  0  0  0  0  0  0  0  0  0  0  0  0  0  0  0  0  0  0  0  0  0  0 
 0  0  0  0  0  0  0  0  0  0  0  0  0  0  0  0  0  0  0  0  0  0  0  0  0  0  0  0  0  0  0  0  0  0  0  0  0  0  0  0  0  0  0  0  0  0  0  0 
 0  0  0  0  0  0  0  0  0  0  0  0  0  0  0  0  0  0  0  0  0  0  0  0  0  0  0  0  0  0  1  0  0  0  0  0  0  0  0  0  0  0  0  0  0  0  0  0 
 0  0  0  0  0  0  0  0  0  0  0  0  0  0  0  0  0  0  0  0  0  0  0  0  0  0  0  0  0  0  1  0  0  0  0  0  0  0  0  0  0  0  0  0  0  0  0  0 
 0  0  0  0  0  0  0  0  0  0  0  0  0  0  0  0  0  0  0  0  0  0  0  0  0  0  0  0  0  0  0  0  0  0  0  0  0  0  0  0  0  0  0  0  0  0  0  0 
 0  0  0  0  0  0  0  0  0  0  0  0  0  0  0  0  0  0  0  0  0  0  0  0  0  0  0  0  0  0  0  0  0  0  0  0  0  0  0  0  0  0  0  0  0  0  0  0 
 0  0  0  0  0  0  0  0  0  0  0  0  0  0  0  0  0  0  0  0  0  0  0  0  1  1  0  0  0  0  0  0  0  0  0  0  0  1  0  0  0  0  0  0  0  0  0  0 
 0  0  0  0  0  0  0  0  0  0  0  0  0  0  0  0  0  0  0  0  0  0  0  0  1  1  0  0  0  0  0  0  0  0  0  0  0  0  0  0  0  0  0  0  0  0  0  0 
 0  0  0  0  0  0  0  0  0  0  0  0  0  0  0  0  0  0  0  0  0  0  0  1  1  1  1  0  0  0  0  0  0  0  0  0  0  0  0  0  0  0  0  0  0  0  0  0 
 0  0  0  0  0  0  0  0  0  0  0  0  0  0  0  0  0  0  0  0  0  0  1  1  1  1  1  0  0  0  0  0  0  0  0  0  0  0  0  0  0  0  0  0  0  0  0  0 
 0  0  0  0  0  0  0  0  0  0  0  0  0  0  0  0  0  0  0  0  0  1  1  1  1  1  1  1  1  1  0  0  0  0  0  0  0  0  0  0  0  0  0  0  0  0  0  0 
 0  0  0  0  0  0  0  0  0  0  0  0  0  0  0  0  0  0  0  0  0  1  1  0  0  1  1  1  1  1  1  0  0  0  0  0  0  0  0  0  0  0  0  0  0  0  0  0 
 0  0  0  0  0  0  0  0  0  0  0  0  0  0  0  0  0  0  0  1  1  1  1  1  1  1  1  1  1  1  0  0  0  0  0  0  0  0  0  0  0  0  0  0  0  0  0  0 
 0  0  0  0  0  0  0  0  0  0  0  0  0  0  0  0  0  0  0  1  1  1  1  1  1  1  1  1  1  1  1  1  0  0  0  0  0  0  0  0  0  0  0  0  0  0  0  0 
 0  0  0  0  0  0  0  0  0  0  0  0  0  0  0  0  0  1  1  1  1  1  1  1  1  1  1  1  1  1  1  1  0  0  0  0  0  0  0  0  0  0  0  0  0  0  0  0 
 0  0  0  0  0  0  0  0  0  0  0  0  0  0  0  0  0  1  1  1  1  1  1  1  1  1  1  1  1  1  1  1  0  0  0  0  0  0  0  0  0  0  0  0  0  0  0  0 
 0  0  0  0  0  0  0  0  0  0  0  0  0  0  0  0  1  1  1  1  1  1  1  1  1  1  1  1  1  1  1  1  0  0  0  0  0  0  0  0  0  0  0  0  0  0  0  0 
 0  0  0  0  0  0  0  0  0  0  0  0  0  0  0  1  1  1  1  1  1  1  1  1  1  1  1  1  1  1  1  1  1  1  1  0  0  0  0  0  0  0  0  0  0  0  0  0 
 0  0  0  0  0  0  0  0  0  0  0  0  0  0  1  1  1  1  1  1  1  1  1  1  1  1  1  1  1  1  1  1  0  1  1  1  0  0  0  0  0  0  0  0  0  0  0  0 
 0  0  0  0  0  0  0  0  0  0  0  0  0  1  1  1  1  1  1  1  1  1  1  1  1  1  1  1  1  1  1  1  1  1  1  1  0  0  0  0  0  0  0  0  0  0  0  0 
 0  0  0  0  0  0  0  0  0  0  0  0  1  1  1  1  1  1  1  1  1  1  1  1  1  1  1  1  1  1  1  1  1  1  1  1  0  0  0  0  0  0  0  0  0  0  0  0 
 0  0  0  1  0  0  0  0  0  0  0  1  1  1  1  1  1  1  1  1  1  1  1  1  1  1  1  1  1  1  1  1  1  1  1  1  0  0  0  0  0  0  0  0  0  0  0  0 
 0  0  0  0  0  0  0  0  0  0  1  1  1  1  1  1  1  1  1  1  1  1  1  1  1  1  1  1  1  1  1  1  1  1  1  1  1  1  1  0  0  0  0  0  0  0  0  0 
 0  0  0  0  0  1  1  1  1  1  1  1  1  1  1  1  1  1  1  1  1  1  1  1  1  1  1  1  1  1  1  1  1  1  1  1  1  1  1  0  0  0  0  0  0  0  0  0 
 0  0  0  0  0  0  0  0  0  1  1  1  1  1  1  1  1  1  1  1  1  1  1  1  1  1  1  1  1  1  0  1  1  1  1  1  1  1  1  1  0  0  0  0  0  0  0  0 
 0  0  0  0  0  0  0  0  0  1  1  1  1  1  1  1  1  1  1  1  1  1  1  1  1  1  1  1  1  1  1  1  1  1  1  1  1  1  1  1  0  0  0  0  0  0  0  0 
 0  0  0  0  0  0  0  0  0  0  1  1  1  1  1  1  1  1  1  1  1  1  1  1  1  1  1  1  1  1  1  1  1  1  1  1  1  1  1  0  0  0  0  0  0  0  0  0 
 0  0  0  0  0  0  0  0  0  0  0  1  1  1  1  1  1  1  1  1  1  1  1  1  1  1  1  1  1  1  1  0  1  1  1  1  1  1  0  0  0  0  0  0  0  0  0  0 
 0  0  0  0  0  0  0  0  0  0  0  0  1  1  1  1  1  1  1  1  1  1  1  1  1  1  1  1  1  1  1  1  0  1  1  1  1  0  0  0  0  0  0  0  0  0  0  0 
 0  0  0  0  0  0  0  0  0  0  0  0  1  1  1  1  1  1  1  1  1  1  1  1  1  1  1  1  1  1  1  0  1  0  1  1  1  0  0  0  0  0  0  0  0  0  0  0 
 0  0  0  0  0  0  0  0  0  0  0  0  0  1  1  1  1  1  1  1  1  1  1  1  1  1  1  1  1  1  1  1  1  0  1  1  0  0  0  0  0  0  0  0  0  0  0  0 
 0  0  0  0  0  0  0  0  0  0  0  0  0  0  1  1  1  1  1  1  1  1  1  1  1  1  1  1  1  1  1  1  1  0  0  0  0  0  0  0  0  0  0  0  0  0  0  0 
 0  0  0  0  0  0  0  0  0  0  0  0  0  0  0  1  1  1  1  1  1  1  1  1  1  1  1  1  1  1  1  1  1  0  0  0  0  0  0  0  0  0  0  0  0  0  0  0 
 0  0  0  0  0  0  0  0  0  0  0  0  0  0  0  0  1  1  1  1  1  1  1  1  1  1  1  1  1  1  1  1  0  0  0  0  0  0  0  0  0  0  0  0  0  0  0  0 
 0  0  0  0  0  0  0  0  0  0  0  0  0  0  0  0  0  1  1  1  1  1  1  1  1  1  1  1  1  1  1  1  0  0  0  0  0  0  0  0  0  0  0  0  0  0  0  0 
 0  0  0  0  0  0  0  0  0  0  0  0  0  0  0  0  0  0  1  1  1  1  1  1  1  1  1  1  1  1  0  0  0  0  0  0  0  0  0  0  0  0  0  0  0  0  0  0 
 0  0  0  0  0  0  0  0  0  0  0  0  0  0  0  0  0  0  0  1  1  1  1  1  1  0  1  1  1  0  0  0  0  0  0  0  0  0  0  0  0  0  0  0  0  0  0  0 
 0  0  0  0  0  0  0  0  0  0  0  0  0  0  0  0  0  0  0  0  1  1  1  1  1  1  1  1  1  0  0  0  0  0  0  0  0  0  0  0  0  0  0  0  0  0  0  0 
 0  0  0  0  0  0  0  0  0  0  0  0  0  0  0  0  0  0  0  0  0  1  1  1  1  1  1  1  0  0  0  0  0  0  0  0  0  0  0  0  0  0  0  0  0  0  0  0 
 0  0  0  0  0  0  0  0  0  0  0  0  0  0  0  0  0  0  0  0  0  0  1  1  1  1  1  0  0  0  0  0  0  0  0  0  0  0  0  0  0  0  0  0  0  0  0  0 
 0  0  0  0  0  0  0  0  0  0  0  0  0  0  0  0  0  0  0  0  0  0  1  1  1  1  0  0  0  0  0  0  0  0  0  0  0  0  0  0  0  0  0  0  0  0  0  0 
 0  0  0  0  0  0  0  0  0  0  0  0  0  0  0  0  0  0  0  0  0  0  0  1  1  1  0  0  0  0  0  0  0  0  0  0  1  0  0  0  0  0  0  0  0  0  0  0 
 0  0  0  0  0  0  0  0  0  0  0  0  0  0  0  0  0  0  0  0  0  0  0  0  0  0  0  0  0  0  0  0  0  0  0  0  0  0  0  0  0  0  0  0  0  0  0  0 
 0  0  0  0  0  0  0  0  0  0  0  0  0  0  0  0  0  0  0  0  0  0  0  0  0  0  0  0  0  0  0  0  0  0  0  1  0  0  0  0  0  0  0  0  0  0  0  0 
 0  0  0  0  0  0  0  0  0  0  0  0  0  0  0  0  0  0  0  0  0  0  0  0  0  0  0  0  0  0  0  0  0  0  0  0  0  0  0  0  0  0  0  0  0  0  0  0 
 0  0  0  0  0  0  0  0  0  0  0  0  0  0  0  0  0  0  0  0  0  0  0  0  0  0  0  0  0  0  0  0  0  0  0  0  0  0  0  0  0  0  0  0  0  0  0  0 
 0  0  0  0  0  0  0  0  0  0  0  0  0  0  0  0  0  0  0  0  0  0  0  0  0  0  0  0  0  0  0  0  0  0  0  0  0  0  0  0  0  0  0  0  0  0  0  0 
*** Leaving PrettyPrint() ***

